1689753330.777000 -0.013809 0.053556 0.149363 -0.006268 0.000508 0.991547 -0.129594
1689753330.844000 -0.042574 0.156450 0.150363 -0.006182 0.000523 0.991585 -0.129307
1689753330.910000 -0.071173 0.260003 0.151363 -0.006182 0.000525 0.991619 -0.129047
1689753330.977000 -0.099542 0.367031 0.153366 -0.006023 0.000641 0.991665 -0.128699
1689753331.044000 -0.129283 0.475102 0.154363 -0.006009 0.000558 0.991721 -0.128266
1689753331.111000 -0.159327 0.586465 0.155356 -0.006066 0.000365 0.991777 -0.127833
1689753331.177000 -0.190778 0.700205 0.156340 -0.006089 -0.000043 0.991818 -0.127512
1689753331.244000 -0.222682 0.820503 0.157326 -0.006030 -0.000412 0.991856 -0.127224
1689753331.310000 -0.255053 0.944857 0.159319 -0.005917 -0.000569 0.991890 -0.126962
1689753331.377000 -0.290510 1.077459 0.160319 -0.005917 -0.000568 0.991912 -0.126789
1689753331.444000 -0.327897 1.217188 0.162324 -0.005970 -0.000451 0.991945 -0.126531
1689753331.511000 -0.368135 1.362885 0.162426 -0.006030 -0.000407 0.991956 -0.126436
1689753331.577000 -0.408770 1.513356 0.163329 -0.006130 -0.000333 0.991976 -0.126274
1689753331.643000 -0.451597 1.670709 0.165334 -0.006234 -0.000234 0.991990 -0.126163
1689753331.711000 -0.496987 1.840078 0.168343 -0.006271 0.000000 0.992019 -0.125931
1689753331.777000 -0.541971 2.011449 0.171052 -0.006221 0.000248 0.992049 -0.125697
1689753331.844000 -0.589891 2.191353 0.172359 -0.006132 0.000466 0.992064 -0.125584
1689753331.911000 -0.640101 2.377068 0.173359 -0.006080 0.000475 0.992075 -0.125497
1689753331.977000 -0.692211 2.566361 0.174362 -0.006007 0.000574 0.992076 -0.125496
1689753332.044000 -0.746124 2.766022 0.174372 -0.005875 0.000861 0.992087 -0.125408
1689753332.110000 -0.801231 2.968772 0.173382 -0.005916 0.001120 0.992098 -0.125323
1689753332.177000 -0.858701 3.179771 0.173383 -0.005920 0.001146 0.992109 -0.125237
1689753332.244000 -0.917475 3.397414 0.172382 -0.005829 0.001134 0.992120 -0.125149
1689753332.311000 -0.978534 3.620943 0.172399 -0.005984 0.001561 0.992140 -0.124979
1689753332.378000 -1.040525 3.850182 0.172408 -0.006109 0.001798 0.992147 -0.124913
1689753332.443000 -1.101525 4.076104 0.171104 -0.006152 0.001677 0.992153 -0.124870
1689753332.511000 -1.166285 4.317386 0.167391 -0.006042 0.001368 0.992163 -0.124798
1689753332.577000 -1.231104 4.556592 0.164684 -0.006101 0.001183 0.992183 -0.124634
1689753332.644000 -1.302395 4.804364 0.162381 -0.006139 0.001089 0.992188 -0.124599
1689753332.710000 -1.374942 5.052048 0.161377 -0.005901 0.001038 0.992196 -0.124544
1689753332.777000 -1.449644 5.308603 0.161362 -0.005903 0.000650 0.992207 -0.124456
1689753332.844000 -1.521988 5.569609 0.162346 -0.005660 0.000282 0.992220 -0.124364
1689753332.910000 -1.591093 5.832320 0.163336 -0.005395 0.000059 0.992244 -0.124187
1689753332.977000 -1.663903 6.103847 0.164335 -0.005395 0.000060 0.992255 -0.124100
1689753333.043000 -1.736230 6.375683 0.165332 -0.005382 -0.000026 0.992266 -0.124013
1689753333.110000 -1.811228 6.655973 0.166318 -0.005414 -0.000384 0.992277 -0.123926
1689753333.177000 -1.887876 6.941141 0.168305 -0.005537 -0.000729 0.992294 -0.123779
1689753333.244000 -1.964431 7.230744 0.169288 -0.005354 -0.001115 0.992309 -0.123663
1689753333.310000 -2.040797 7.520487 0.170275 -0.005168 -0.001404 0.992321 -0.123573
1689753333.377000 -2.119000 7.820577 0.171268 -0.005055 -0.001562 0.992332 -0.123484
1689753333.444000 -2.199119 8.125569 0.171264 -0.004956 -0.001634 0.992355 -0.123310
1689753333.511000 -2.280145 8.436478 0.168163 -0.004697 -0.001594 0.992367 -0.123220
1689753333.577000 -2.361876 8.746869 0.165268 -0.004548 -0.001420 0.992379 -0.123132
1689753333.644000 -2.450039 9.070003 0.130061 -0.004606 -0.001614 0.992389 -0.123045
1689753333.710000 -2.539988 9.394049 0.079241 -0.004618 -0.002110 0.992399 -0.122957
1689753333.776000 -2.630816 9.722160 0.028427 -0.004346 -0.002385 0.992417 -0.122815
1689753333.844000 -2.721114 10.061527 0.011236 -0.004145 -0.002089 0.992434 -0.122692
1689753333.911000 -2.808984 10.397178 0.012355 -0.004090 -0.001585 0.992447 -0.122597
1689753333.977000 -2.897177 10.731706 0.013277 -0.004485 -0.001081 0.992455 -0.122526
1689753334.044000 -2.987526 11.075703 0.013286 -0.004460 -0.000847 0.992476 -0.122353
1689753334.110000 -3.078478 11.417874 0.012289 -0.004559 -0.000773 0.992497 -0.122181
1689753334.177000 -3.171473 11.768884 0.011289 -0.004822 -0.000786 0.992506 -0.122098
1689753334.244000 -3.265412 12.124380 0.011296 -0.005023 -0.000631 0.992526 -0.121928
1689753334.311000 -3.360295 12.484499 0.011312 -0.005172 -0.000229 0.992536 -0.121845
1689753334.377000 -3.454698 12.842060 0.011327 -0.005318 0.000146 0.992542 -0.121787
1689753334.444000 -3.550513 13.209525 0.007945 -0.005393 0.000638 0.992544 -0.121764
1689753334.511000 -3.648402 13.579188 0.001250 -0.005759 0.000723 0.992552 -0.121683
1689753334.577000 -3.745483 13.946913 -0.004357 -0.005675 0.000578 0.992563 -0.121594
1689753334.644000 -3.846400 14.319013 -0.004670 -0.005720 0.000235 0.992553 -0.121680
1689753334.711000 -3.950520 14.693295 -0.001572 -0.005939 0.000165 0.992530 -0.121857
1689753334.777000 -4.052093 15.065555 0.002033 -0.005879 0.000350 0.992520 -0.121943
1689753334.844000 -4.154313 15.445713 0.002359 -0.006017 0.001017 0.992507 -0.122034
1689753334.910000 -4.254039 15.822339 0.000372 -0.006124 0.001372 0.992506 -0.122037
1689753334.977000 -4.355551 16.206480 -0.001319 -0.006164 0.001630 0.992505 -0.122038
1689753335.044000 -4.458376 16.592108 -0.004019 -0.006169 0.001664 0.992494 -0.122125
1689753335.111000 -4.561522 16.981420 -0.006601 -0.006245 0.002155 0.992471 -0.122301
1689753335.177000 -4.663089 17.366141 -0.008591 -0.006146 0.002488 0.992464 -0.122361
1689753335.244000 -4.767073 17.758818 -0.009986 -0.005853 0.002700 0.992462 -0.122382
1689753335.311000 -4.871109 18.152495 -0.012593 -0.005780 0.002570 0.992452 -0.122468
1689753335.377000 -4.973582 18.542585 -0.015592 -0.005557 0.002666 0.992443 -0.122551
1689753335.444000 -5.078508 18.941273 -0.018985 -0.005222 0.002955 0.992434 -0.122632
1689753335.511000 -5.184454 19.341216 -0.021585 -0.005144 0.003020 0.992423 -0.122726
1689753335.577000 -5.288872 19.735298 -0.023596 -0.005104 0.002760 0.992403 -0.122890
1689753335.644000 -5.396148 20.135337 -0.027997 -0.005018 0.002773 0.992393 -0.122975
1689753335.710000 -5.505200 20.529508 -0.034575 -0.005716 0.003283 0.992376 -0.123074
1689753335.777000 -5.616433 20.931867 -0.040259 -0.006071 0.003695 0.992360 -0.123168
1689753335.844000 -5.723079 21.336680 -0.043583 -0.005200 0.003256 0.992358 -0.123238
1689753335.910000 -5.828846 21.736724 -0.044617 -0.004621 0.002480 0.992354 -0.123314
1689753335.977000 -5.938149 22.147134 -0.046620 -0.004958 0.002374 0.992341 -0.123406
1689753336.043000 -6.045313 22.553859 -0.049592 -0.004711 0.003224 0.992329 -0.123490
1689753336.111000 -6.156536 22.974238 -0.052648 -0.004585 0.004524 0.992324 -0.123497
1689753336.178000 -6.268698 23.386791 -0.056559 -0.004955 0.004175 0.992313 -0.123582
1689753336.244000 -6.379122 23.791907 -0.059585 -0.005297 0.003415 0.992303 -0.123673
1689753336.310000 -6.488518 24.198376 -0.058586 -0.005300 0.003432 0.992281 -0.123847
1689753336.377000 -6.600621 24.613321 -0.057580 -0.005420 0.003624 0.992247 -0.124109
1689753336.444000 -6.713297 25.028204 -0.058981 -0.005561 0.003619 0.992224 -0.124284
1689753336.510000 -6.821892 25.436690 -0.063615 -0.004863 0.002879 0.992232 -0.124271
1689753336.577000 -6.933126 25.850086 -0.069369 -0.004477 0.001535 0.992227 -0.124350
1689753336.644000 -7.047656 26.265106 -0.069314 -0.004255 0.000447 0.992208 -0.124518
1689753336.711000 -7.167885 26.685377 -0.066667 -0.005290 0.001531 0.992199 -0.124544
1689753336.777000 -7.290777 27.101278 -0.064577 -0.007144 0.003679 0.992167 -0.124659
1689753336.844000 -7.410017 27.523049 -0.065945 -0.007771 0.004525 0.992146 -0.124760
1689753336.910000 -7.522079 27.937170 -0.069565 -0.007176 0.004105 0.992132 -0.124921
1689753336.978000 -7.638729 28.365874 -0.072359 -0.007213 0.004326 0.992089 -0.125251
1689753337.044000 -7.750015 28.788457 -0.076894 -0.006923 0.006296 0.992046 -0.125527
1689753337.110000 -7.861270 29.210157 -0.083432 -0.006509 0.008268 0.992024 -0.125607
1689753337.178000 -7.979850 29.639745 -0.093243 -0.007289 0.007847 0.992042 -0.125450
1689753337.244000 -8.097314 30.058050 -0.105827 -0.008058 0.008257 0.992052 -0.125295
1689753337.311000 -8.212951 30.485064 -0.115510 -0.007136 0.009020 0.992055 -0.125275
1689753337.377000 -8.325026 30.904526 -0.122104 -0.006482 0.009404 0.992036 -0.125433
1689753337.444000 -8.439535 31.324752 -0.125865 -0.006616 0.007597 0.992018 -0.125695
1689753337.511000 -8.550583 31.743503 -0.130556 -0.005752 0.005180 0.992019 -0.125848
1689753337.577000 -8.659759 32.159210 -0.133604 -0.004820 0.004080 0.992021 -0.125917
1689753337.644000 -8.774656 32.581280 -0.137037 -0.004839 0.003246 0.992006 -0.126055
1689753337.711000 -8.888427 33.001814 -0.143828 -0.004464 0.000920 0.991997 -0.126175
1689753337.778000 -9.002439 33.425194 -0.147743 -0.004013 0.000689 0.991960 -0.126489
1689753337.844000 -9.117432 33.844656 -0.147725 -0.004195 0.001172 0.991934 -0.126682
1689753337.911000 -9.235334 34.269155 -0.146627 -0.004583 0.001111 0.991942 -0.126602
1689753337.977000 -9.350339 34.686112 -0.145752 -0.004268 0.000569 0.991945 -0.126596
1689753338.044000 -9.466295 35.108410 -0.143754 -0.004536 0.000535 0.991932 -0.126686
1689753338.110000 -9.580533 35.525549 -0.142749 -0.004788 0.000671 0.991908 -0.126863
1689753338.178000 -9.698982 35.955430 -0.142731 -0.005042 0.001160 0.991895 -0.126955
1689753338.244000 -9.813822 36.371500 -0.142721 -0.005353 0.001447 0.991892 -0.126960
1689753338.311000 -9.930477 36.793904 -0.141709 -0.005670 0.001776 0.991889 -0.126966
1689753338.377000 -10.044562 37.209062 -0.139718 -0.005727 0.001583 0.991908 -0.126819
1689753338.444000 -10.160574 37.631191 -0.138698 -0.006078 0.002129 0.991929 -0.126627
1689753338.511000 -10.274482 38.053530 -0.139701 -0.005812 0.002181 0.991966 -0.126355
1689753338.578000 -10.386318 38.474694 -0.141718 -0.005005 0.001949 0.992024 -0.125934
1689753338.644000 -10.497057 38.884533 -0.136349 -0.004411 0.001319 0.992075 -0.125561
1689753338.710000 -10.607613 39.294275 -0.126765 -0.003793 0.001100 0.992123 -0.125205
1689753338.777000 -10.725574 39.711670 -0.117014 -0.005167 0.002264 0.992145 -0.124968
1689753338.845000 -10.850684 40.139638 -0.116088 -0.008284 0.005256 0.992104 -0.125032
1689753338.911000 -10.963323 40.550132 -0.119674 -0.008204 0.005763 0.992113 -0.124945
1689753338.977000 -11.070706 40.958717 -0.121605 -0.006586 0.005249 0.992151 -0.124765
1689753339.045000 -11.181706 41.376685 -0.121653 -0.006367 0.004011 0.992140 -0.124906
1689753339.110000 -11.286723 41.778479 -0.120681 -0.005491 0.003484 0.992128 -0.125062
1689753339.177000 -11.392976 42.193982 -0.120667 -0.004137 0.004252 0.992090 -0.125385
1689753339.244000 -11.507908 42.602820 -0.126504 -0.005266 0.003059 0.992091 -0.125369
1689753339.311000 -11.626104 43.006373 -0.134918 -0.006689 -0.000201 0.992137 -0.124975
1689753339.378000 -11.740939 43.414804 -0.138838 -0.006768 -0.000655 0.992127 -0.125052
1689753339.444000 -11.853255 43.818929 -0.137826 -0.006965 -0.000300 0.992075 -0.125454
1689753339.511000 -11.965355 44.230935 -0.137670 -0.007239 0.001218 0.992031 -0.125777
1689753339.577000 -12.069951 44.635830 -0.137751 -0.005734 0.002090 0.992013 -0.125990
1689753339.644000 -12.174231 45.041929 -0.133403 -0.004371 0.001058 0.991995 -0.126200
1689753339.711000 -12.279508 45.447873 -0.125756 -0.003513 -0.000071 0.991949 -0.126593
1689753339.778000 -12.387137 45.854378 -0.116056 -0.003361 0.000031 0.991895 -0.127015
1689753339.844000 -12.497433 46.253734 -0.111828 -0.003746 0.000782 0.991859 -0.127281
1689753339.911000 -12.610307 46.657920 -0.110827 -0.003584 0.000930 0.991826 -0.127547
1689753339.977000 -12.719927 47.052844 -0.109851 -0.003139 0.000461 0.991788 -0.127852
1689753340.044000 -12.830163 47.451388 -0.109911 -0.002647 -0.000902 0.991738 -0.128251
1689753340.110000 -12.937709 47.846466 -0.110940 -0.001645 -0.001308 0.991678 -0.128723
1689753340.178000 -13.051495 48.254882 -0.112720 -0.001650 -0.000727 0.991602 -0.129312
1689753340.244000 -13.165929 48.650251 -0.115884 -0.002523 0.000086 0.991525 -0.129894
1689753340.311000 -13.282824 49.048036 -0.119988 -0.002826 -0.000010 0.991436 -0.130565
1689753340.378000 -13.398618 49.444840 -0.123910 -0.002680 -0.000474 0.991348 -0.131229
1689753340.444000 -13.510752 49.836010 -0.122519 -0.002387 -0.000535 0.991216 -0.132228
1689753340.511000 -13.624549 50.233474 -0.117874 -0.002069 0.000806 0.991068 -0.133340
1689753340.578000 -13.736387 50.627423 -0.115866 -0.001046 0.001399 0.990892 -0.134647
1689753340.644000 -13.848838 51.009052 -0.114505 -0.000708 0.000534 0.990690 -0.136131
1689753340.711000 -13.966337 51.392816 -0.113945 -0.001060 -0.000527 0.990456 -0.137823
1689753340.778000 -14.086686 51.777080 -0.112152 -0.001281 -0.000682 0.990188 -0.139736
1689753340.844000 -14.208060 52.158647 -0.110937 -0.001374 -0.000241 0.989878 -0.141914
1689753340.911000 -14.333100 52.544997 -0.108837 -0.001382 -0.000148 0.989518 -0.144401
1689753340.978000 -14.457780 52.931323 -0.106949 -0.000863 -0.000227 0.989131 -0.147036
1689753341.044000 -14.582328 53.309724 -0.104957 -0.000203 -0.000145 0.988718 -0.149789
1689753341.111000 -14.711856 53.693854 -0.103949 0.000057 0.000222 0.988248 -0.152856
